# FT_Library_SetLcdFilter(DEFAULT) -> 7 (unimplemented: FreeType is in Harmony mode)
# 174 faces, 8 runs, reference ref-smooth.bin
variant                              luma  inkluma      ink clr  per-line ink
gray-none-g1.00                     2.665    28.56    0.987   -  1.00 1.03 1.01 0.96 0.98 0.95 1.04 1.00
gray-none-g0.85                     2.795    29.78    1.048   -  1.07 1.08 1.09 1.02 1.01 1.02 1.13 1.08
gray-none-g0.70                     3.106    32.88    1.122   -  1.15 1.14 1.18 1.09 1.06 1.11 1.23 1.17
gray-none-g0.55                     3.692    39.09    1.213   -  1.24 1.21 1.30 1.18 1.12 1.22 1.37 1.28
gray-slight-g1.00                   2.981    32.15    1.002   -  0.98 0.99 1.01 1.00 1.00 1.00 1.02 1.03
gray-slight-g0.85                   3.090    33.19    1.056   -  1.04 1.04 1.08 1.06 1.03 1.07 1.10 1.09
gray-slight-g0.70                   3.342    35.77    1.122   -  1.11 1.10 1.16 1.13 1.07 1.15 1.20 1.17
gray-slight-g0.55                   3.832    41.02    1.202   -  1.20 1.16 1.27 1.21 1.12 1.25 1.32 1.26
gray-full-g1.00                     3.717    39.74    1.005   -  1.02 0.97 1.05 0.93 1.00 1.03 1.16 1.03
gray-full-g0.85                     3.813    40.59    1.056   -  1.08 1.01 1.12 0.98 1.03 1.09 1.24 1.09
gray-full-g0.70                     4.020    42.66    1.118   -  1.15 1.07 1.20 1.04 1.07 1.16 1.33 1.17
gray-full-g0.55                     4.423    46.95    1.192   -  1.23 1.13 1.29 1.11 1.12 1.24 1.44 1.26
rgb-none-g1.00                      3.069    30.53    0.987 rgb  1.00 1.03 1.01 0.96 0.98 0.94 1.04 1.00
rgb-slight-g1.00                    3.364    33.78    1.001 rgb  0.98 0.99 1.01 1.00 1.00 1.00 1.02 1.03
rgb-full-g1.00                      4.067    40.60    1.005 rgb  1.02 0.97 1.05 0.93 1.00 1.03 1.16 1.03
rgb-slight-fir5-g0.85               3.453    34.27    1.056 rgb  1.04 1.04 1.08 1.06 1.03 1.07 1.10 1.09
rgb-slight-light-g0.85              3.453    34.27    1.056 rgb  1.04 1.04 1.08 1.06 1.03 1.07 1.10 1.09
gray-slight-autohint-darken         3.587    37.61    1.089   -  1.07 1.03 1.10 1.09 1.01 1.14 1.17 1.25
gray-none-darken                    2.797    29.72    1.008   -  1.00 1.03 1.01 0.96 0.98 0.95 1.04 1.24
gray-none-intpos                    3.814    39.86    0.987   -  1.00 1.03 1.01 0.96 0.98 0.95 1.04 1.00
gray-none-embolden0.3               4.876    48.93    1.264   -  1.32 1.26 1.38 1.23 1.16 1.26 1.43 1.33
gray-slight-embolden0.3-g0.85       5.328    54.04    1.307   -  1.32 1.26 1.42 1.31 1.19 1.36 1.47 1.34
# sheet band 1: gray-none-g1.00 (luma 2.665)
# sheet band 2: gray-none-g0.85 (luma 2.795)
# sheet band 3: gray-none-darken (luma 2.797)
# best: gray-none-g1.00
